FEATURE VEC: 0.0,0.0,-0.0006378938347915816,0.0,0.0,0.0,0.0,0.0,0.0,0.0,-0.0006378938347915816,0.0,0.0,0.0,0.0,0.0,0.0,0.0,-1.8076824697280973e-05,0.0,0.0,0.0,0.0,0.0,0.0,0.0,-1.0104796848111767e-05,0.0,0.0,0.0,0.0,0.0
SCORE: -7.080850645539596e-06
--------------
FEATURE VEC: 0.0,0.0,0.0005466212670153617,0.0,0.0,0.0,0.0,0.0,0.0,0.0,0.0005466212670153617,0.0,0.0,0.0,0.0,0.0,0.0,0.0,0.0009743408511834446,0.0,0.0,0.0,0.0,0.0,0.0,0.0,0.0005345437532651125,0.0,0.0,0.0,0.0,0.0
SCORE: 1.635282092571305e-05
--------------
FEATURE VEC: 0.0,0.0,0.003123043027409659,0.0,0.0,0.0,0.0,0.0,0.0,0.0,0.003123043027409659,0.0,0.0,0.0,0.0,0.0,0.0,0.0,0.005729449587803205,0.0,0.0,0.0,0.0,0.0,0.0,0.0,0.003737259114274137,0.0,0.0,0.0,0.0,0.0
SCORE: 9.932824484134392e-05
--------------
FEATURE VEC: 0.0,0.0,0.003379113287004054,0.0,0.0,0.0,0.0,0.0,0.0,0.0,0.003379113287004054,0.0,0.0,0.0,0.0,0.0,0.0,0.0,0.00029374840133081584,0.0,0.0,0.0,0.0,0.0,0.0,0.0,0.0039014620630559533,0.0,0.0,0.0,0.0,0.0
SCORE: 6.57813180154357e-05
--------------
FEATURE VEC: 0.0,0.1,0.03117059603522107,0.5066300923242097,0.0020278216457780317,-1.3675762439807384,0.0,0.0,0.0,0.1,0.03117059603522107,0.5066300923242097,0.0020278216457780317,-1.3675762439807384,0.0,0.0,0.0,0.2857142857142857,0.049576595573527935,0.22903927308806674,0.0033985345956461833,-0.9281045751633987,0.0,0.0,0.0,0.1,0.03161437265884488,0.5105099545034567,0.0020278216457780317,-1.3675762439807384,0.0,0.0
SCORE: 0.0008991843056851587
--------------
FEATURE VEC: 0.0,0.1,0.03105042048764905,0.5066300923242097,0.0020278216457780317,-1.3675762439807384,0.0,0.0,0.0,0.1,0.03105042048764905,0.5066300923242097,0.0020278216457780317,-1.3675762439807384,0.0,0.0,0.0,0.0,-1.3557618522960732e-05,0.0,0.0,0.0,0.0,0.0,0.0,0.1,0.031606794061208796,0.5105099545034567,0.0020278216457780317,-1.3675762439807384,0.0,0.0
SCORE: 0.0005560916177206846
--------------
FEATURE VEC: 0.0,0.1,0.03075479878201829,0.5066300923242097,0.0020278216457780317,-1.3675762439807384,0.0,0.0,0.0,0.1,0.03075479878201829,0.5066300923242097,0.0020278216457780317,-1.3675762439807384,0.0,0.0,0.0,0.0,0.00030097913120972824,0.0,0.0,0.0,0.0,0.0,0.0,0.1,0.031775038928729855,0.5105099545034567,0.0020278216457780317,-1.3675762439807384,0.0,0.0
SCORE: 0.0005562446568871079
--------------
FEATURE VEC: 0.0,0.1,0.030282716778686842,0.5066300923242097,0.0020278216457780317,-1.3675762439807384,0.0,0.0,0.0,0.1,0.030282716778686842,0.5066300923242097,0.0020278216457780317,-1.3675762439807384,0.0,0.0,0.0,0.0,1.626914222755288e-05,0.0,0.0,0.0,0.0,0.0,0.0,0.1,0.03178413324589316,0.5105099545034567,0.0020278216457780317,-1.3675762439807384,0.0,0.0
SCORE: 0.0005492504237495939
--------------
FEATURE VEC: 0.0,0.1,0.03161123970965182,0.5066300923242097,0.0020278216457780317,-1.3675762439807384,0.0,0.0,0.0,0.1,0.03161123970965182,0.5066300923242097,0.0020278216457780317,-1.3675762439807384,0.0,0.0,0.0,0.0,0.0015103187034578255,0.0,0.0,0.0,0.0,0.0,0.0,0.1,0.0326283890225529,0.5105099545034567,0.0020278216457780317,-1.3675762439807384,0.0,0.0
SCORE: 0.000579790543481536
--------------
FEATURE VEC: 0.0,0.1,0.1651409780869777,0.5066300923242097,0.0020278216457780317,-1.3675762439807384,0.0,0.0,0.0,0.1,0.1651409780869777,0.5066300923242097,0.0020278216457780317,-1.3675762439807384,0.0,0.0,0.0,0.0,0.23887258459727997,0.0,0.0,0.0,0.0,0.0,0.0,0.1,0.1661562060125562,0.5105099545034567,0.0020278216457780317,-1.3675762439807384,0.0,0.0
SCORE: 0.00459061685609587
--------------
FEATURE VEC: 0.0,0.1,0.1648027625163847,0.5066300923242097,0.0020278216457780317,-1.3675762439807384,0.0,0.0,0.0,0.1,0.1648027625163847,0.5066300923242097,0.0020278216457780317,-1.3675762439807384,0.0,0.0,0.0,0.0,0.0032005018126535965,0.0,0.0,0.0,0.0,0.0,0.0,0.1,0.1679452602945144,0.5105099545034567,0.0020278216457780317,-1.3675762439807384,0.0,0.0
SCORE: 0.0029753805536223378
--------------
FEATURE VEC: 0.0,0.1,0.16829089581489923,0.5066300923242097,0.0020278216457780317,-1.3675762439807384,0.0,0.0,0.0,0.1,0.16829089581489923,0.5066300923242097,0.0020278216457780317,-1.3675762439807384,0.0,0.0,0.0,0.0,0.006511272255960607,0.0,0.0,0.0,0.0,0.0,0.0,0.1,0.17158500811920427,0.5105099545034567,0.0020278216457780317,-1.3675762439807384,0.0,0.0
SCORE: 0.003061299888632227
--------------
FEATURE VEC: 0.16666666666666666,0.125,0.16833703916860832,0.4472607326791866,0.007521028639270634,-1.3675762439807384,0.003973596586976658,0.0,0.16666666666666666,0.125,0.16833703916860832,0.4472607326791866,0.007521028639270634,-1.3675762439807384,0.003973596586976658,0.0,0.75,0.07142857142857142,0.0018248554531905144,0.1514121873552813,0.03101761152082714,0.0,0.0,0.0,0.16666666666666666,0.125,0.17260508736102115,0.4506859338807642,0.007521028639270634,-1.3675762439807384,0.003973596586976658,0.0
SCORE: 0.003036635424042991
--------------
FEATURE VEC: 0.16666666666666666,0.125,0.16859767305659154,0.4472607326791866,0.007521028639270634,-1.3675762439807384,0.003973596586976658,0.0,0.16666666666666666,0.125,0.16859767305659154,0.4472607326791866,0.007521028639270634,-1.3675762439807384,0.003973596586976658,0.0,0.0,0.0,0.00041847849174205453,0.0,0.0,0.0,0.0,0.0,0.16666666666666666,0.125,0.17283901340805494,0.4506859338807642,0.007521028639270634,-1.3675762439807384,0.003973596586976658,0.0
SCORE: 0.0030313927457103515
--------------
FEATURE VEC: 0.16666666666666666,0.125,0.16884512312922928,0.4472607326791866,0.007521028639270634,-1.3675762439807384,0.003973596586976658,0.0,0.16666666666666666,0.125,0.16884512312922928,0.4472607326791866,0.007521028639270634,-1.3675762439807384,0.003973596586976658,0.0,0.0,0.0,0.00043655531643933555,0.0,0.0,0.0,0.0,0.0,0.16666666666666666,0.125,0.17308304425193682,0.4506859338807642,0.007521028639270634,-1.3675762439807384,0.003973596586976658,0.0
SCORE: 0.0030358948091430407
--------------
FEATURE VEC: 0.16666666666666666,0.125,0.16970308526632574,0.4472607326791866,0.007521028639270634,-1.3675762439807384,0.003973596586976658,0.0,0.16666666666666666,0.125,0.15451634412800472,0.4472607326791866,0.007521028639270634,-1.3675762439807384,0.003973596586976658,0.0,0.0,0.0,-0.0004564398236063446,0.0,0.0,0.0,0.0,0.0,0.16666666666666666,0.125,0.17282789813152202,0.4506859338807642,0.007521028639270634,-1.3675762439807384,0.003973596586976658,0.0
SCORE: 0.0029552526964732864
--------------
FEATURE VEC: 0.16666666666666666,0.125,0.1690788823167006,0.4472607326791866,0.007521028639270634,-1.3675762439807384,0.003973596586976658,0.0,0.16666666666666666,0.125,0.15413097106406068,0.4472607326791866,0.007521028639270634,-1.3675762439807384,0.003973596586976658,0.0,0.0,0.0,0.0009237257420310578,0.0,0.0,0.0,0.0,0.0,0.16666666666666666,0.125,0.17334425325046052,0.4506859338807642,0.007521028639270634,-1.3675762439807384,0.003973596586976658,0.0
SCORE: 0.0029629257777949924
--------------
FEATURE VEC: 0.16666666666666666,0.125,0.17003521599906699,0.4591159376188435,0.007521028639270634,-1.3675762439807384,0.003973596586976658,0.0,0.16666666666666666,0.125,0.1550786845594704,0.45263151227816595,0.007521028639270634,-1.3675762439807384,0.003973596586976658,0.0,0.0,0.0,0.001704644568953596,0.24084311281670168,0.0,0.0,0.0,0.0,0.16666666666666666,0.125,0.17429713559323748,0.46263192806087383,0.007521028639270634,-1.3675762439807384,0.003973596586976658,0.0
SCORE: 0.00298524702161671
--------------
FEATURE VEC: 0.2222222222222222,0.15,0.17360752288786405,0.45339538452346856,0.016033357414065388,-1.3675762439807384,0.009534565813984718,0.0,0.2222222222222222,0.15,0.1586428783311318,0.43424950874366,0.016033357414065388,-1.3675762439807384,0.009534565813984718,0.0,0.25,0.07142857142857142,0.006367561499617223,0.18832027166852214,0.06966995921074676,0.0,0.0,0.0,0.2222222222222222,0.15,0.17785655028298483,0.4568675659657269,0.016033357414065388,-1.3675762439807384,0.009534565813984718,0.0
SCORE: 0.0030807875144099528
--------------
FEATURE VEC: 0.2777777777777778,0.45,0.18525542374557263,0.35079071816541735,0.03486746497093512,1.0,0.03323152570269647,1.0,0.2777777777777778,0.45,0.17028266607170475,0.3306342494804785,0.03486746497093512,1.0,0.03323152570269647,1.0,0.25,0.8571428571428571,0.020762137006062064,0.05434233718382392,0.02278671755454704,1.0,0.0004874967385781574,1.0,0.2777777777777778,0.45,0.1894624147028836,0.35347713506181033,0.03486746497093512,1.0,0.03323152570269647,1.0
SCORE: 0.003386829113094193
--------------
FEATURE VEC: 0.3333333333333333,0.45,0.1869835176954691,0.3337290274224383,0.03486746497093512,1.0,0.03323152570269647,1.0,0.3333333333333333,0.45,0.17200213983464452,0.3116247852322648,0.03486746497093512,1.0,0.03323152570269647,1.0,0.25,0.0,0.003080290928416678,0.08993723270298305,0.0,0.0,0.0,0.0,0.3333333333333333,0.45,0.19118427208580185,0.33628478289616687,0.03486746497093512,1.0,0.03323152570269647,1.0
SCORE: 0.0032956250526573585
--------------
FEATURE VEC: 0.4444444444444444,0.45,0.18809501474305504,0.3272573543548714,0.03486746497093512,1.0,0.03323152570269647,1.0,0.4444444444444444,0.45,0.173053295573534,0.3036284302674686,0.03486746497093512,1.0,0.03323152570269647,1.0,0.5,0.0,0.001981219986821995,0.11305411094090648,0.0,0.0,0.0,0.0,0.4444444444444444,0.45,0.1922917578203549,0.32976354862023166,0.03486746497093512,1.0,0.03323152570269647,1.0
SCORE: 0.003307467484159665
--------------
FEATURE VEC: 0.4444444444444444,0.45,0.18940071953207596,0.31389044644412867,0.03486746497093512,1.0,0.03323152570269647,1.0,0.4444444444444444,0.45,0.17433668929043183,0.28698496202044077,0.03486746497093512,1.0,0.03323152570269647,1.0,0.0,0.0,0.0023273911797749252,0.08681299995300124,0.0,0.0,0.0,0.0,0.4444444444444444,0.45,0.1935927504145493,0.3162942745823242,0.03486746497093512,1.0,0.03323152570269647,1.0
SCORE: 0.0033329242979667096
--------------
FEATURE VEC: 0.5,0.45,0.19076828683925634,0.30855575509807676,0.03486746497093512,1.0,0.03323152570269647,1.0,0.5,0.45,0.17570070710886534,0.28337800429774,0.03486746497093512,1.0,0.03323152570269647,1.0,0.25,0.0,0.0024376598104283395,0.07938997430154954,0.0,0.0,0.0,0.0,0.5,0.45,0.19495538226951717,0.31091872923350955,0.03486746497093512,1.0,0.03323152570269647,1.0
SCORE: 0.0033579554754112964
--------------
FEATURE VEC: 0.5555555555555556,0.45,0.19227479127738495,0.2977615674352674,0.03486746497093512,1.0,0.03323152570269647,1.0,0.5555555555555556,0.45,0.1772011267091422,0.27485718223408034,0.03486746497093512,1.0,0.03323152570269647,1.0,0.25,0.0,0.002685312308781089,0.06974187347601427,0.0,0.0,0.0,0.0,0.5555555555555556,0.45,0.19645644984130417,0.30004187778680114,0.03486746497093512,1.0,0.03323152570269647,1.0
SCORE: 0.00338638749921726
--------------
FEATURE VEC: 0.7222222222222222,0.8,0.34831488021743157,0.2845887111016669,0.2970444541514062,1.0,0.08298412283027509,1.0,0.7222222222222222,0.8,0.33323259546223216,0.2692737800487624,0.2970444541514062,1.0,0.08298412283027509,1.0,0.75,1.0,0.27813815936347885,0.11092694397465598,1.0,0.0,1.0,0.0,0.7222222222222222,0.8,0.35193340130493345,0.2867681414070768,0.2970444541514062,1.0,0.08298412283027509,1.0
SCORE: 0.008056129988724302
--------------
FEATURE VEC: 0.7777777777777778,0.8,0.7849932686481265,0.3427263408102476,0.2970444541514062,1.0,0.08298412283027509,1.0,0.7777777777777778,0.8,0.7699023637059705,0.32915490385178325,0.2970444541514062,1.0,0.08298412283027509,1.0,0.25,0.0,0.7783699946402215,0.4042591085692328,0.0,0.0,0.0,0.0,0.7777777777777778,0.8,0.787035848787778,0.3453509992892596,0.2970444541514062,1.0,0.08298412283027509,1.0
SCORE: 0.01925953743179894
--------------
FEATURE VEC: 0.7777777777777778,0.8,0.7852888903537573,0.3427263408102476,0.2970444541514062,1.0,0.08298412283027509,1.0,0.7777777777777778,0.8,0.7701893652246447,0.3293491228886418,0.2970444541514062,1.0,0.08298412283027509,1.0,0.0,0.0,0.0005269394399257404,0.0,0.0,0.0,0.0,0.0,0.7777777777777778,0.8,0.7873304036159005,0.3453509992892596,0.2970444541514062,1.0,0.08298412283027509,1.0
SCORE: 0.01390436266477938
--------------
FEATURE VEC: 1.0,0.9,0.9162579261351392,0.44327092849840166,1.0,1.0,1.0,1.0,1.0,0.9,0.9011492737492489,0.43328615554852007,1.0,1.0,1.0,1.0,1.0,0.2857142857142857,0.2334495371880957,0.3602709730199275,0.0055525353957036234,0.0,0.0006110874610345916,0.0,1.0,0.9,0.9178267815514703,0.44666557507920535,1.0,1.0,1.0,1.0
SCORE: 0.01783570546476167
--------------
FEATURE VEC: 1.0,0.925,0.9207840313571978,0.4762336898122017,0.971486917202283,1.0,1.0,1.0,1.0,0.925,0.9056677729239928,0.46687798167563554,0.971486917202283,1.0,1.0,1.0,0.0,0.07142857142857142,0.008067686862396499,1.0,0.003422467937869044,0.0,0.0,0.0,1.0,0.925,0.9223365523847826,0.47988077100532434,0.971486917202283,1.0,1.0,1.0
SCORE: 0.01636287372485731
--------------
FEATURE VEC: 1.0,0.925,0.9206881951610327,0.4762336898122017,0.971486917202283,1.0,1.0,1.0,1.0,0.925,0.9055638236106921,0.4671273562885615,0.971486917202283,1.0,1.0,1.0,0.0,0.0,-0.00017082599338930521,0.0,0.0,0.0,0.0,0.0,1.0,0.925,0.9222410620545679,0.47988077100532434,0.971486917202283,1.0,1.0,1.0
SCORE: 0.01630435334270825
--------------
FEATURE VEC: 1.0,0.925,0.9209077563935166,0.4762336898122017,0.971486917202283,1.0,1.0,1.0,1.0,0.925,0.9057747646562193,0.46732487196615674,0.971486917202283,1.0,1.0,1.0,0.0,0.0,0.0003913632546961331,0.0,0.0,0.0,0.0,0.0,1.0,0.925,0.9224598309063295,0.47988077100532434,0.971486917202283,1.0,1.0,1.0
SCORE: 0.016312080853476157
--------------
FEATURE VEC: 1.0,0.925,0.9209163765804732,0.4762336898122017,0.971486917202283,1.0,1.0,1.0,1.0,0.925,0.9057747646562193,0.4675339412332531,0.971486917202283,1.0,1.0,1.0,0.0,0.0,1.5365300992688828e-05,0.0,0.0,0.0,0.0,0.0,1.0,0.925,0.9224684199836505,0.47988077100532434,0.971486917202283,1.0,1.0,1.0
SCORE: 0.01630959631014542
--------------
FEATURE VEC: 1.0,0.925,0.9214087413766439,0.47717727845520574,0.971486917202283,1.0,1.0,1.0,1.0,0.925,0.9062590163352543,0.46870991473952317,0.971486917202283,1.0,1.0,1.0,0.0,0.0,0.0008776298390529914,0.2795929612349032,0.0,0.0,0.0,0.0,1.0,0.925,0.9229590078706262,0.480831585815791,0.971486917202283,1.0,1.0,1.0
SCORE: 0.016324239955934815
--------------
FEATURE VEC: 1.0,0.925,0.9214366302167977,0.4955967587562914,0.971486917202283,1.0,1.0,1.0,1.0,0.925,0.9062782849884515,0.48766873850683845,0.971486917202283,1.0,1.0,1.0,0.0,0.0,4.971126791752268e-05,0.7919794626599754,0.0,0.0,0.0,0.0,1.0,0.925,0.9229867960619585,0.4993921257303191,0.971486917202283,1.0,1.0,1.0
SCORE: 0.016318983320779894
--------------
FEATURE VEC: 1.0,1.0,0.9301049888064337,0.5169746224668128,0.9093772934907748,1.0,1.0,1.0,1.0,1.0,0.9149370092514889,0.5096816627038487,0.9093772934907748,1.0,1.0,1.0,0.0,0.21428571428571427,0.015451165910000913,0.5462614254062101,0.0,0.0,0.0,0.0,1.0,1.0,0.9316238711678821,0.5209337048737376,0.9093772934907748,1.0,1.0,1.0
SCORE: 0.016579033464623326
--------------
FEATURE VEC: 1.0,1.0,0.9323649989985371,0.5169746224668128,0.9093772934907748,1.0,1.0,1.0,1.0,1.0,0.9171894133962776,0.5098279512019559,0.9093772934907748,1.0,1.0,1.0,0.0,0.0,0.004028420383789065,0.0,0.0,0.0,0.0,0.0,1.0,1.0,0.9338757251454838,0.5209337048737376,0.9093772934907748,1.0,1.0,1.0
SCORE: 0.016540416233795402
--------------
